static/img/0812111640.JPG  1  143 115 183 102
static/img/0812111640.JPG  1  140 96 247 120
static/img/G0010031.JPG  1  552 207 96 152
static/img/images21.JPG  1  58 61 158 60
static/img/G0010003.JPG  1  114 99 102 54
static/img/G0010031.JPG  2  551 212 129 141  551 212 129 141
static/img/0812111640.JPG  1  162 120 52 49
static/img/G0010003.JPG  1  132 124 77 53
static/img/0812111640.JPG  1  146 110 229 121
static/img/0812111640.JPG  1  181 113 83 80
static/img/0812111640.JPG  1  160 101 116 100
